1.406121
-0.817209
-0.817209
-0.474461
0.048414
0.257153
-0.593289
0.028398
-0.774751
0.431508
-0.768712
0.338358
-0.149270
0.249746
-0.612856
-0.070225
0.785243
-0.940733
-0.841144
0.638997
-0.792987
0.526330
-0.801558
1.067381
-0.636464
-0.865442
0.786521
-0.575839
0.201338
-0.581562
0.604547
-0.460697
0.197223
-0.340796
0.101473
-0.402310
-0.213121
-0.301873
0.144427
0.421108
-0.194413
0.419655
-0.677911
0.039510
-0.711893
0.184246
-0.695972
0.044390
-0.550443
1.332582
-0.802806
-0.802806
-0.513873
0.454889
0.524349
0.476212
0.477102
0.414683
0.093487
0.093487
0.093487
0.082843
0.082843
0.082843
0.395122
0.414770
0.234408
0.112991
0.102278
0.102041
0.134837
0.121115
0.134941
0.182125
0.141705
0.171844
0.085623
0.050794
0.088509
0.089514
-0.020815
0.038290
-0.005086
0.076725
